0 1 0 1 -0
0.01 0.99995 -0.0099 0.99995 -0.00995017
0.02 0.999801 -0.0197015 0.999801 -0.0198013
0.03 0.999554 -0.0294054 0.999554 -0.0295544
0.04 0.99921 -0.0390128 0.999211 -0.0392105
0.05 0.99877 -0.0485245 0.998771 -0.0487703
0.06 0.998235 -0.0579414 0.998235 -0.0582349
0.07 0.997605 -0.0672644 0.997606 -0.0676052
0.08 0.996883 -0.0764945 0.996884 -0.076882
0.09 0.996068 -0.0856323 0.996069 -0.0860662
0.1 0.995161 -0.0946789 0.995163 -0.0951586
0.11 0.994165 -0.103635 0.994166 -0.10416
0.12 0.993078 -0.112501 0.99308 -0.113071
0.13 0.991903 -0.121279 0.991905 -0.121893
0.14 0.990641 -0.129968 0.990642 -0.130627
0.15 0.989291 -0.13857 0.989293 -0.139272
0.16 0.987855 -0.147086 0.987857 -0.147831
0.17 0.986335 -0.155515 0.986336 -0.156303
0.18 0.984729 -0.163859 0.984731 -0.164689
0.19 0.983041 -0.172119 0.983043 -0.172991
0.2 0.98127 -0.180295 0.981272 -0.181208
0.21 0.979417 -0.188387 0.979419 -0.189341
0.22 0.977483 -0.196397 0.977485 -0.197392
0.23 0.975469 -0.204325 0.975471 -0.20536
0.24 0.973376 -0.212172 0.973378 -0.213247
0.25 0.971205 -0.219938 0.971207 -0.221052
0.26 0.968956 -0.227624 0.968957 -0.228777
0.27 0.96663 -0.235231 0.966631 -0.236422
0.28 0.964227 -0.242758 0.964229 -0.243988
0.29 0.96175 -0.250207 0.961752 -0.251474
0.3 0.959198 -0.257579 0.9592 -0.258883
0.31 0.956573 -0.264873 0.956575 -0.266214
0.32 0.953874 -0.27209 0.953876 -0.273467
0.33 0.951104 -0.27923 0.951105 -0.280644
0.34 0.948262 -0.286295 0.948263 -0.287745
0.35 0.945349 -0.293285 0.945351 -0.294769
0.36 0.942367 -0.300199 0.942368 -0.301719
0.37 0.939315 -0.307039 0.939317 -0.308594
0.38 0.936195 -0.313805 0.936197 -0.315394
0.39 0.933008 -0.320498 0.933009 -0.32212
0.4 0.929753 -0.327117 0.929755 -0.328773
0.41 0.926433 -0.333664 0.926434 -0.335353
0.42 0.923047 -0.340139 0.923048 -0.34186
0.43 0.919596 -0.346541 0.919597 -0.348295
0.44 0.916081 -0.352872 0.916082 -0.354658
0.45 0.912503 -0.359132 0.912504 -0.360949
0.46 0.908863 -0.365321 0.908863 -0.367169
0.47 0.90516 -0.371439 0.905161 -0.373319
0.48 0.901397 -0.377487 0.901397 -0.379398
0.49 0.897573 -0.383466 0.897573 -0.385406
0.5 0.893689 -0.389375 0.893689 -0.391345
0.51 0.889746 -0.395215 0.889746 -0.397215
0.52 0.885745 -0.400987 0.885745 -0.403015
0.53 0.881686 -0.406689 0.881686 -0.408747
0.54 0.877571 -0.412324 0.87757 -0.41441
0.55 0.873399 -0.417891 0.873398 -0.420005
0.56 0.869171 -0.42339 0.869171 -0.425532
0.57 0.864889 -0.428822 0.864888 -0.430991
0.58 0.860552 -0.434186 0.860551 -0.436382
0.59 0.856161 -0.439484 0.856161 -0.441707
0.6 0.851718 -0.444715 0.851717 -0.446965
0.61 0.847223 -0.44988 0.847221 -0.452156
0.62 0.842675 -0.454979 0.842674 -0.45728
0.63 0.838077 -0.460012 0.838076 -0.462339
0.64 0.833429 -0.46498 0.833428 -0.467331
0.65 0.828731 -0.469882 0.82873 -0.472258
0.66 0.823985 -0.474719 0.823983 -0.477119
0.67 0.81919 -0.479491 0.819187 -0.481915
0.68 0.814347 -0.484198 0.814345 -0.486646
0.69 0.809457 -0.488841 0.809455 -0.491312
0.7 0.804521 -0.493419 0.804519 -0.495914
0.71 0.799539 -0.497933 0.799537 -0.500451
0.72 0.794513 -0.502383 0.79451 -0.504923
0.73 0.789442 -0.50677 0.789438 -0.509332
0.74 0.784327 -0.511092 0.784323 -0.513676
0.75 0.779169 -0.515352 0.779165 -0.517957
0.76 0.773968 -0.519548 0.773964 -0.522174
0.77 0.768726 -0.523681 0.768722 -0.526328
0.78 0.763442 -0.527751 0.763438 -0.530418
0.79 0.758118 -0.531758 0.758114 -0.534445
0.8 0.752754 -0.535702 0.752749 -0.53841
0.81 0.74735 -0.539584 0.747346 -0.542311
0.82 0.741908 -0.543404 0.741903 -0.54615
0.83 0.736428 -0.547161 0.736423 -0.549926
0.84 0.73091 -0.550856 0.730905 -0.55364
0.85 0.725356 -0.55449 0.72535 -0.557292
0.86 0.719765 -0.558061 0.719759 -0.560881
0.87 0.714139 -0.561571 0.714133 -0.564408
0.88 0.708477 -0.565019 0.708472 -0.567874
0.89 0.702782 -0.568406 0.702776 -0.571278
0.9 0.697052 -0.571731 0.697046 -0.57462
0.91 0.69129 -0.574996 0.691284 -0.5779
0.92 0.685495 -0.578199 0.685488 -0.58112
0.93 0.679668 -0.581341 0.679661 -0.584277
0.94 0.67381 -0.584422 0.673803 -0.587374
0.95 0.667921 -0.587443 0.667914 -0.59041
0.96 0.662002 -0.590402 0.661995 -0.593384
0.97 0.656054 -0.593302 0.656047 -0.596298
0.98 0.650077 -0.59614 0.650069 -0.599151
0.99 0.644072 -0.598919 0.644064 -0.601943
1 0.638039 -0.601637 0.638031 -0.604675
1.01 0.631979 -0.604295 0.63197 -0.607347
1.02 0.625892 -0.606893 0.625884 -0.609957
1.03 0.61978 -0.609431 0.619771 -0.612508
1.04 0.613643 -0.611909 0.613634 -0.614999
1.05 0.607481 -0.614327 0.607472 -0.617429
1.06 0.601295 -0.616686 0.601286 -0.619799
1.07 0.595085 -0.618985 0.595076 -0.62211
1.08 0.588853 -0.621225 0.588844 -0.62436
1.09 0.582599 -0.623405 0.582589 -0.626551
1.1 0.576323 -0.625525 0.576313 -0.628683
1.11 0.570026 -0.627587 0.570015 -0.630755
1.12 0.563708 -0.629589 0.563698 -0.632767
1.13 0.557371 -0.631533 0.55736 -0.63472
1.14 0.551015 -0.633417 0.551004 -0.636614
1.15 0.544639 -0.635242 0.544628 -0.638448
1.16 0.538246 -0.637009 0.538235 -0.640224
1.17 0.531836 -0.638717 0.531824 -0.64194
1.18 0.525408 -0.640366 0.525396 -0.643597
1.19 0.518964 -0.641957 0.518952 -0.645196
1.2 0.512505 -0.643489 0.512493 -0.646736
1.21 0.50603 -0.644963 0.506018 -0.648217
1.22 0.499541 -0.646379 0.499528 -0.64964
1.23 0.493038 -0.647737 0.493025 -0.651004
1.24 0.486521 -0.649036 0.486508 -0.65231
1.25 0.479992 -0.650278 0.479979 -0.653558
1.26 0.473451 -0.651461 0.473438 -0.654747
1.27 0.466898 -0.652587 0.466884 -0.655879
1.28 0.460334 -0.653655 0.46032 -0.656952
1.29 0.453759 -0.654666 0.453745 -0.657967
1.3 0.447175 -0.655619 0.447161 -0.658925
1.31 0.440581 -0.656514 0.440567 -0.659825
1.32 0.433979 -0.657352 0.433965 -0.660667
1.33 0.427369 -0.658133 0.427354 -0.661452
1.34 0.420751 -0.658857 0.420736 -0.662179
1.35 0.414126 -0.659524 0.414111 -0.662849
1.36 0.407494 -0.660134 0.407479 -0.663462
1.37 0.400857 -0.660687 0.400842 -0.664017
1.38 0.394214 -0.661183 0.394199 -0.664516
1.39 0.387567 -0.661623 0.387551 -0.664958
1.4 0.380916 -0.662006 0.3809 -0.665343
1.41 0.374261 -0.662333 0.374245 -0.665671
1.42 0.367603 -0.662603 0.367587 -0.665943
1.43 0.360942 -0.662818 0.360926 -0.666158
1.44 0.35428 -0.662976 0.354264 -0.666317
1.45 0.347617 -0.663079 0.3476 -0.66642
1.46 0.340952 -0.663125 0.340936 -0.666467
1.47 0.334288 -0.663116 0.334271 -0.666457
1.48 0.327624 -0.663052 0.327607 -0.666392
1.49 0.32096 -0.662932 0.320943 -0.666272
1.5 0.314299 -0.662756 0.314281 -0.666095
1.51 0.307639 -0.662526 0.307621 -0.665863
1.52 0.300982 -0.66224 0.300964 -0.665576
1.53 0.294328 -0.6619 0.29431 -0.665234
1.54 0.287678 -0.661505 0.28766 -0.664836
1.55 0.281032 -0.661055 0.281014 -0.664384
1.56 0.274391 -0.66055 0.274372 -0.663877
1.57 0.267755 -0.659992 0.267736 -0.663315
1.58 0.261125 -0.659379 0.261106 -0.662699
1.59 0.254501 -0.658712 0.254482 -0.662029
1.6 0.247885 -0.657991 0.247866 -0.661304
1.61 0.241276 -0.657216 0.241257 -0.660525
1.62 0.234675 -0.656388 0.234655 -0.659693
1.63 0.228082 -0.655507 0.228063 -0.658807
1.64 0.221499 -0.654572 0.221479 -0.657867
1.65 0.214925 -0.653584 0.214906 -0.656874
1.66 0.208362 -0.652543 0.208342 -0.655827
1.67 0.201809 -0.651449 0.201789 -0.654728
1.68 0.195268 -0.650303 0.195248 -0.653576
1.69 0.188738 -0.649104 0.188718 -0.652371
1.7 0.182221 -0.647853 0.182201 -0.651113
1.71 0.175716 -0.64655 0.175696 -0.649804
1.72 0.169225 -0.645195 0.169205 -0.648442
1.73 0.162748 -0.643789 0.162727 -0.647028
1.74 0.156285 -0.642331 0.156264 -0.645562
1.75 0.149837 -0.640821 0.149816 -0.644045
1.76 0.143404 -0.639261 0.143383 -0.642477
1.77 0.136988 -0.63765 0.136967 -0.640857
1.78 0.130588 -0.635987 0.130567 -0.639186
1.79 0.124205 -0.634275 0.124183 -0.637465
1.8 0.117839 -0.632512 0.117817 -0.635693
1.81 0.111491 -0.630699 0.11147 -0.63387
1.82 0.105162 -0.628836 0.10514 -0.631998
1.83 0.0988514 -0.626923 0.0988297 -0.630076
1.84 0.0925606 -0.624961 0.0925388 -0.628104
1.85 0.0862897 -0.62295 0.0862678 -0.626082
1.86 0.0800393 -0.62089 0.0800173 -0.624011
1.87 0.0738098 -0.618781 0.0737878 -0.621891
1.88 0.0676018 -0.616623 0.0675797 -0.619723
1.89 0.0614157 -0.614418 0.0613935 -0.617506
1.9 0.055252 -0.612164 0.0552297 -0.61524
1.91 0.0491112 -0.609862 0.0490888 -0.612927
1.92 0.0429938 -0.607513 0.0429713 -0.610565
1.93 0.0369002 -0.605116 0.0368777 -0.608157
1.94 0.0308309 -0.602672 0.0308084 -0.6057
1.95 0.0247865 -0.600182 0.0247638 -0.603197
1.96 0.0187673 -0.597645 0.0187446 -0.600647
1.97 0.0127738 -0.595061 0.0127511 -0.59805
1.98 0.00680653 -0.592432 0.00678373 -0.595408
1.99 0.00086592 -0.589757 0.000843058 -0.592719
2 -0.00504758 -0.587036 -0.00507049 -0.589984
